37
272 46
16 66
302 803
824 880
767 995
53 808
462 268
63 441
546 852
94 847
806 496
57 486
47 436
636 732
222 582
428 270
810 558
347 225
294 202
401 786
880 55
657 390
120 333
201 772
744 788
655 457
680 640
339 447
846 23
663 717
172 713
220 237
944 750
969 401
338 663
559 457
147 434
295
947 294
80 785
786 339
80 153
477 807
759 808
507 994
102 412
456 120
9 505
699 348
730 418
36 885
678 801
770 168
209 777
308 183
833 32
775 922
440 614
521 993
372 62
914 76
574 678
33 510
836 392
354 161
7 231
537 632
290 570
278 272
920 638
924 519
984 522
278 580
471 324
4 552
986 449
497 607
855 209
588 357
617 851
625 499
385 625
528 411
503 429
494 354
571 356
409 77
512 556
676 524
523 356
895 768
318 406
265 696
728 961
372 394
184 302
622 172
952 356
583 874
346 233
520 245
968 868
758 752
409 514
533 753
86 409
33 298
457 680
717 621
536 302
269 109
596 145
231 484
339 917
459 281
512 127
361 463
874 996
819 389
668 900
980 612
646 40
443 575
818 219
174 317
664 52
737 604
911 601
976 696
700 117
208 290
403 173
382 913
264 734
407 868
21 872
427 78
764 524
813 500
195 614
460 417
240 362
456 970
241 777
121 565
708 972
130 339
995 30
808 456
958 590
22 856
912 826
559 663
448 176
977 137
268 941
994 485
18 922
470 562
401 682
816 93
717 433
962 279
855 830
282 89
494 560
539 224
138 919
871 534
354 260
1000 287
476 103
56 363
295 945
291 104
350 530
526 29
659 254
583 448
502 5
905 560
341 28
111 315
727 908
467 693
18 380
60 737
652 103
303 355
359 268
777 250
328 997
699 416
713 776
878 182
914 621
166 877
69 683
622 458
588 575
847 926
381 775
218 148
283 299
610 318
786 870
532 592
927 937
712 707
145 540
843 467
770 269
29 375
870 109
656 708
825 452
700 129
989 485
963 525
669 243
910 100
773 767
743 389
692 626
639 664
60 83
18 288
143 85
321 40
884 540
683 266
894 837
627 673
789 991
692 204
802 165
455 9
632 670
990 340
956 249
349 526
573 402
447 727
932 528
813 684
464 366
146 634
216 380
187 536
919 485
95 948
191 705
798 31
285 257
933 452
252 47
12 738
378 793
206 975
565 710
365 812
188 747
412 401
126 642
771 555
914 38
513 192
769 988
566 776
645 24
872 797
470 648
416 804
432 698
195 476
422 277
246 742
953 14
327 696
89 25
187 590
533 273
305 58
180 779
707 400
942 569
804 381
326 401
190 247
668 482
826 602
166 943
364 807
143 63
901 708
566 53
864 134
284 466
8 829
822 490
689 39
986 623
943 8
5 507
674 362
119 154
516 653
233 320
935 666
81 823
87 860
960 731
945 906
230 23
473 148
661 75
150 406
352 580
833 6
907 209
342 823
587 768
109 319
192 186
816 506
915 423
705 770
959 613
983 734
52 949
7 685
690 338
815 611
118
168 231
740 962
175 404
543 605
239 952
182 245
654 432
50 385
19 718
826 280
151 57
923 172
119 820
159 374
657 294
569 390
863 219
712 650
891 812
781 18
759 562
814 281
350 974
173 142
260 978
398 490
789 775
411 851
98 724
732 205
632 171
11 362
13 539
827 715
818 853
521 687
898 362
374 782
316 323
143 206
484 708
604 937
954 0
796 715
881 231
406 300
541 220
955 299
11 910
431 461
281 363
318 949
864 326
910 806
221 91
291 950
840 397
680 967
652 859
767 35
934 605
755 281
192 702
881 220
965 984
727 904
65 716
955 796
98 9
827 608
566 727
982 81
529 901
247 774
800 847
438 942
200 457
424 486
488 78
18 623
953 636
107 529
107 223
922 230
662 732
286 433
518 368
404 865
840 690
780 378
800 45
460 445
202 574
905 779
345 930
377 260
622 332
977 681
455 901
864 931
582 790
404 538
897 87
206 81
621 237
364 771
39 683
456 417
384 307
797 454
960 259
584 954
907 883
342 440
330 920
915 818
811 169
123 24
207
974 109
606 671
218 226
936 531
983 379
561 138
949 984
442 688
77 78
16 673
436 707
460 546
978 277
275 137
971 228
592 991
145 931
967 774
461 225
164 394
656 737
587 958
472 948
945 160
866 116
33 477
13 569
290 901
569 114
385 858
75 897
84 775
647 147
808 329
849 747
82 142
62 868
753 459
269 520
812 613
816 790
37 822
197 997
854 150
56 270
418 525
527 295
486 640
105 393
155 802
855 672
181 936
935 414
25 150
280 930
893 634
525 898
719 339
136 642
395 766
405 868
549 797
890 92
922 801
388 433
541 692
562 835
695 938
961 600
831 24
466 37
684 177
87 799
64 162
736 8
849 212
691 436
128 397
127 122
547 75
472 540
910 470
142 876
285 797
718 999
168 377
788 406
286 457
694 355
369 48
117 377
658 954
855 750
829 837
370 857
98 69
97 517
112 502
576 796
679 940
485 509
851 718
91 433
31 946
794 417
174 135
952 205
882 393
890 651
311 84
978 660
827 676
334 799
314 179
651 843
681 240
66 616
434 765
325 340
363 32
653 871
577 326
608 737
928 725
949 989
347 396
34 807
192 879
574 85
186 357
507 632
949 699
839 374
724 138
679 436
664 914
839 254
893 184
903 411
433 14
244 212
482 941
474 890
291 888
748 105
727 295
834 845
579 749
554 849
959 3
131 562
777 837
719 361
984 448
614 428
878 85
178 579
109 935
979 584
2 281
174 154
465 259
458 711
27 949
291 727
218 284
61 122
26 20
536 778
563 176
385 398
70 211
875 688
917 193
965 775
472 169
452 74
589 115
69 645
178 912
832 569
652 453
489 572
646 817
397 199
900 564
835 658
107 865
875 740
633 151
312 663
429 203
308 843
336 144
997 519
843 79
653 94
710 156
536 605
183 172
83 356
263 100
693 876
80 901
781 697
397 19
149 388
71
71 166
895 998
811 33
938 720
1000 467
571 259
671 702
766 521
947 713
571 875
462 205
339 573
352 915
659 692
935 351
0 94
354 310
550 423
545 614
106 650
541 692
326 951
879 924
240 546
123 943
545 219
701 577
744 183
508 685
179 210
437 416
676 24
778 178
773 192
824 611
778 693
903 685
244 926
885 968
492 840
781 791
31 633
741 264
231 18
359 548
674 952
298 131
908 166
12 225
9 422
395 882
780 531
825 755
472 314
445 237
914 940
576 435
81 140
462 314
929 627
820 171
442 781
292 786
944 927
191 447
325 509
846 354
792 377
315 315
745 700
678 727
331
881 830
48 742
365 299
703 175
563 817
19 408
355 496
60 779
334 525
324 606
410 529
229 711
455 175
661 549
146 357
250 375
740 694
209 180
746 275
386 946
887 174
658 353
9 748
775 35
539 687
530 186
608 528
180 154
116 767
397 734
729 619
931 263
411 745
813 299
914 296
45 305
804 238
208 116
505 138
503 950
477 910
481 128
646 370
37 929
990 180
203 552
210 702
887 476
659 823
749 324
783 768
115 188
756 995
821 254
430 622
22 110
67 311
72 980
350 395
686 888
774 521
89 380
362 162
589 646
62 304
217 915
993 375
258 180
672 659
450 945
752 19
731 467
950 869
881 860
252 965
569 354
830 120
472 34
147 700
627 47
425 180
325 253
343 167
551 1
878 629
877 85
7 1
975 370
282 639
345 509
208 273
812 362
240 208
567 666
267 623
842 580
575 800
867 221
271 388
524 50
988 480
523 909
359 974
217 142
1000 344
907 168
249 820
540 728
828 123
71 221
572 130
559 197
496 651
769 384
388 760
495 625
336 285
101 388
65 178
995 670
121 578
739 981
652 325
762 451
776 73
551 913
923 198
208 544
520 41
655 758
553 847
623 626
195 721
855 900
515 948
833 248
794 829
246 268
420 137
418 497
320 56
332 974
315 188
724 601
192 616
947 945
608 961
174 530
142 746
508 929
467 135
203 912
353 852
570 736
563 570
33 785
821 57
38 650
443 346
261 58
357 401
575 143
1 780
706 486
77 797
493 741
976 192
897 112
723 984
892 880
816 797
141 674
46 37
712 285
696 294
732 844
591 75
870 658
838 339
134 580
523 546
705 664
692 939
517 64
675 34
867 510
940 427
777 367
275 804
298 22
850 836
424 542
984 136
635 130
548 91
127 353
756 278
128 252
949 292
873 72
145 9
554 202
618 933
820 396
417 153
261 551
708 341
817 630
454 120
440 39
606 904
400 670
664 826
738 597
408 800
558 939
155 84
389 22
507 351
987 480
962 783
790 139
924 287
970 781
697 953
318 49
695 379
12 811
106 47
25 780
806 878
234 486
594 56
51 661
287 587
383 295
283 226
670 373
586 46
953 451
71 620
166 541
719 1000
982 279
48 528
860 58
522 23
37 105
408 881
176 192
353 298
398 127
691 96
579 939
311 853
181 417
101 848
78 175
668 748
788 562
329 955
293 190
710 579
121 557
396 450
506 414
387 310
215 74
467 549
163 649
506 171
615 102
577 758
724 285
78 727
232 405
970 931
909 54
455 145
318 859
508 918
181 794
530 745
193 898
817 450
842 952
663 231
883 844
424 30
340 845
132 247
188 16
503 50
278 632
895 346
432 567
796 724
299 272
290 313
360 589
877 878
702 512
759 238
447 571
923 76
419 275
926 822
818 824
514 628
899 222
299 732
234 821
685 467
476 616
232 753
857 865
574 135
700 767
884 707
811 825
325 11
153 879
119 8
194 820
982 294
743 424
496 278
204 155
193 61
921 390
178 325
45
538 735
516 421
247 129
804 565
147 707
431 224
453 964
795 219
631 984
724 838
664 396
810 483
571 731
425 316
546 664
494 604
425 487
40 791
238 45
425 151
910 814
594 821
149 915
67 469
958 978
172 837
967 870
590 821
95 674
605 73
584 770
57 200
295 608
172 343
795 633
799 244
574 661
592 958
506 364
576 425
401 184
917 888
660 816
497 725
753 742
183
422 636
46 780
514 227
418 376
313 876
510 357
563 459
765 52
479 774
604 595
351 765
504 224
135 334
848 695
613 142
172 544
591 15
669 37
906 452
28 707
283 677
808 261
973 206
720 685
229 225
359 108
560 251
94 915
283 837
288 257
801 955
164 480
636 111
451 847
187 413
496 26
455 876
198 875
16 763
109 644
566 236
928 245
433 414
958 803
646 262
68 783
184 917
968 990
842 267
478 377
912 850
578 505
887 269
35 612
961 581
189 767
180 659
427 730
550 548
532 974
341 431
91 406
805 11
836 997
141 208
211 539
126 640
172 977
989 825
876 453
523 645
610 928
388 559
162 68
828 70
202 517
832 912
329 455
640 964
256 568
740 734
440 631
554 766
928 572
983 458
654 755
225 352
423 374
529 201
575 313
503 485
417 42
69 260
388 473
906 810
946 57
404 657
573 32
526 28
798 879
82 132
921 341
725 119
554 678
449 175
159 238
324 940
680 225
715 148
250 138
623 833
332 679
457 982
765 495
75 661
928 405
550 403
630 766
727 693
250 89
349 671
196 987
660 155
810 104
131 320
359 498
93 911
503 628
201 15
556 72
898 161
759 674
612 676
777 985
588 271
291 253
495 571
396 386
829 786
785 881
85 726
717 351
288 172
402 494
760 968
506 92
547 537
328 784
824 507
251 242
998 417
165 213
208 704
497 500
16 814
493 850
419 102
447 981
215 419
345 295
4 22
136 732
677 993
814 68
352 338
591 712
225 643
896 428
942 678
280 542
473 947
539 696
307 53
241 833
741 952
412 666
436 615
273 608
652 618
271 450
627 978
643 166
760 939
265
857 120
427 958
109 846
789 965
193 901
252 859
792 525
465 586
769 413
394 761
326 686
347 281
511 18
18 377
475 256
857 241
695 274
20 956
506 145
253 569
297 794
23 418
458 489
605 47
588 722
314 281
843 766
792 728
653 791
437 366
172 705
322 60
840 983
752 29
533 950
853 253
502 425
845 465
725 830
721 735
167 219
881 161
679 172
441 103
113 300
100 528
501 257
974 43
742 673
372 388
641 301
10 667
713 120
320 209
780 761
49 378
999 181
26 309
479 279
809 822
318 182
873 94
171 167
136 61
395 655
928 696
414 887
286 400
588 451
706 608
675 307
465 769
734 494
802 116
812 562
687 239
549 836
372 779
590 9
575 12
354 856
931 520
579 117
577 414
119 569
382 219
578 630
332 402
129 523
570 609
452 440
718 960
528 552
824 988
611 110
872 309
339 524
790 818
123 966
725 963
894 200
290 156
832 782
747 940
715 367
677 739
286 157
241 678
651 706
549 18
870 70
303 311
651 906
403 95
975 410
845 692
665 932
509 550
806 131
116 656
555 58
482 621
410 234
26 8
771 189
733 364
606 785
660 50
410 657
718 842
536 893
499 795
132 112
986 514
829 875
204 671
499 921
983 58
395 886
788 610
381 376
535 810
313 22
590 19
798 534
929 474
120 400
516 467
220 518
105 803
379 831
858 399
210 447
327 247
371 567
294 442
721 939
635 791
762 996
648 478
880 285
705 557
216 811
557 716
92 968
773 74
319 849
391 303
605 67
459 750
242 981
724 694
183 129
10 983
185 740
191 920
327 850
866 468
573 102
891 876
622 950
364 452
756 514
994 755
18 148
527 607
904 204
569 313
970 84
491 976
211 737
251 275
347 131
215 630
358 754
298 227
349 820
143 541
332 859
772 671
678 870
374 896
256 430
585 768
957 497
843 179
530 791
521 956
849 467
561 517
568 148
15 781
148 747
51 411
120 275
592 588
525 33
278 258
789 284
617 403
863 771
986 572
29 115
566 994
528 654
352 41
672 651
904 227
785 925
404 487
786 534
938 120
210 465
296 18
676 470
448 446
166 863
359 876
427 326
272 471
395 348
287 583
893 915
743 252
419 108
821 602
720 344
231 113
394 334
110 259
810 655
358 710
540 679
811 876
319 435
435 811
30 104
79 519
939 651
261 961
442 421
356 873
950 785
766 159
59 500
202
814 745
308 483
642 843
99 933
924 637
436 446
107 776
861 329
452 748
303 372
996 29
823 505
275 647
991 885
352 178
6 780
958 127
833 197
101 934
181 571
490 576
763 786
765 338
927 669
733 188
311 420
254 913
898 639
945 217
263 142
258 467
438 853
145 831
596 102
918 22
281 808
131 674
699 974
483 705
409 42
572 615
925 499
895 675
306 900
173 348
492 500
0 59
779 881
41 55
169 945
461 9
54 851
82 264
659 507
880 576
974 836
57 574
161 431
303 210
488 555
72 1
944 1000
805 684
112 510
621 600
703 765
562 736
564 853
612 881
701 928
75 450
742 803
243 956
550 212
344 703
1 644
674 903
970 500
300 980
387 426
778 653
419 593
873 398
177 16
848 706
160 277
64 104
144 824
630 694
81 359
87 799
797 939
572 499
854 401
600 567
564 998
122 313
725 264
154 381
303 498
281 650
312 480
478 335
195 727
529 31
133 655
505 753
622 631
280 435
858 707
381 679
891 569
32 488
97 563
671 550
220 132
617 357
28 380
431 340
941 6
322 681
647 886
853 644
478 391
455 107
580 150
481 909
832 228
720 44
346 584
200 418
524 676
203 354
94 211
595 967
800 217
711 575
518 902
317 256
1000 670
798 696
943 57
980 234
744 739
376 183
215 319
201 240
263 75
440 320
508 326
952 380
883 490
857 641
748 790
289 784
502 930
700 578
919 653
197 415
257 204
14 783
310 976
56 456
484 46
786 276
857 622
988 979
250 774
402 221
385 11
149 41
282 489
35 252
509 386
817 635
534 409
639 948
245 834
630 177
676 500
343 441
31 510
203 149
257 633
158 897
327 267
465 920
973 846
670 972
160 898
579 701
634 726
385 287
874 773
936 565
813 878
122 492
893 690
742 797
170 584
446 390
214 902
300
319 687
471 182
480 749
783 242
854 51
125 184
840 953
400 56
80 360
900 788
589 389
46 418
230 799
211 17
712 492
904 689
553 389
92 845
86 408
614 630
646 562
844 816
591 226
582 519
640 14
95 410
731 27
431 215
556 994
847 931
148 799
702 278
838 298
567 208
522 900
194 654
297 322
653 33
460 316
677 374
335 770
101 914
511 58
293 726
420 174
655 959
15 477
254 667
931 120
507 647
4 698
190 263
399 318
233 32
444 207
572 126
169 813
377 908
49 428
245 858
888 741
833 837
696 266
515 228
514 626
997 108
201 279
742 728
722 528
934 259
849 310
154 721
305 887
674 240
808 950
72 762
151 747
163 79
292 882
987 2
316 327
910 406
776 353
209 831
885 123
831 37
211 595
5 841
932 236
799 96
352 884
285 289
983 614
928 161
543 570
33 832
245 437
275 328
470 30
529 906
543 635
295 668
322 925
109 151
787 493
166 899
197 734
289 605
850 465
701 546
43 918
865 648
478 957
477 174
436 774
196 802
883 662
669 567
29 553
473 829
591 535
723 398
836 983
980 433
977 204
503 499
276 683
244 534
74 428
119 284
455 317
69 343
60 419
596 192
753 566
243 758
980 172
829 659
717 367
431 989
373 324
606 755
112 770
857 127
747 547
966 475
217 111
587 115
255 185
963 916
517 152
773 275
298 410
241 356
13 135
204 174
487 30
43 926
51 620
650 639
23 418
1000 175
697 296
770 734
834 162
888 196
672 602
283 604
795 173
511 272
750 689
546 94
161 458
577 157
225 465
617 330
185 602
491 343
530 890
404 346
128 989
491 115
758 767
827 169
712 208
869 438
219 614
579 62
963 304
895 487
279 412
500 652
60 902
47 922
109 290
135 852
377 817
842 925
945 625
126 145
997 240
635 589
78 100
441 632
196 458
38 983
78 191
517 831
269 328
939 906
217 501
1000 194
836 791
852 736
766 913
986 613
383 154
132 388
739 387
146 414
956 785
211 236
788 423
635 481
149 290
818 6
165 295
613 176
198 108
556 189
963 470
391 438
994 37
193 811
958 701
376 764
365 252
155 981
460 41
57 463
590 995
935 128
700 163
545 820
712 99
450 53
668 846
1 890
826 690
914 593
733 789
684 851
636 590
345 54
431 75
797 660
35 44
603 248
366 447
109 841
423 807
37 826
822 180
712 588
547 369
637 261
375 190
587 558
470 831
241 810
61 246
579 661
369 349
386 991
629 28
219 704
582 950
2 237
524 40
55 47
716 901
416 477
912 57
921 315
904 482
533 735
510 284
133 161
396 251
977 35
727 971
926 237
127 492
152 224
417 52
189 915
951 827
509 131
830 882
821 610
350
488 729
1000 135
730 671
582 928
239 683
648 493
363 384
19 547
140 834
22 612
545 791
330 320
928 40
591 11
203 434
360 383
677 864
983 687
930 513
951 791
469 227
356 239
14 729
625 959
764 167
212 921
544 327
549 10
263 284
429 654
777 618
199 426
345 806
515 617
656 894
300 532
526 5
184 816
146 28
699 520
633 886
136 901
338 444
496 239
910 834
280 937
493 659
219 654
399 636
474 955
757 57
225 779
909 27
268 999
360 497
421 882
432 666
402 801
735 975
478 445
773 706
437 642
145 3
891 631
915 331
574 577
214 422
90 52
997 820
510 739
471 469
2 937
121 469
61 88
772 406
347 717
619 172
966 870
141 673
119 374
995 160
169 284
101 430
195 5
411 299
282 724
350 318
634 641
775 352
662 780
147 421
12 715
910 172
391 293
719 464
856 327
62 217
552 384
721 89
287 897
10 333
1000 735
678 75
973 972
116 115
918 964
974 719
818 305
168 886
351 514
82 910
519 693
222 811
187 285
262 719
265 816
371 411
418 555
633 255
878 488
184 566
211 739
215 914
990 73
495 952
855 946
648 251
18 63
177 180
327 183
781 182
525 637
494 229
556 35
501 974
349 29
691 406
579 631
200 446
279 10
875 322
965 705
63 474
354 628
813 734
244 593
482 954
171 17
266 925
833 584
113 733
336 50
29 296
354 649
918 802
134 289
315 739
32 96
22 79
254 365
210 726
5 959
539 603
525 586
520 558
737 129
335 284
627 79
635 768
420 228
229 504
388 531
942 874
950 21
734 699
41 854
378 221
31 462
65 137
581 350
204 824
72 759
942 645
861 134
573 204
827 936
395 801
684 27
397 718
43 740
460 7
79 921
572 603
522 636
112 545
19 972
582 368
763 509
248 124
896 848
456 24
107 805
348 368
276 232
701 426
746 160
273 156
189 316
713 863
735 849
99 125
990 763
52 170
890 802
110 396
125 102
639 267
298 106
223 375
201 245
681 346
858 182
847 656
30 682
489 237
870 630
703 483
194 76
793 13
280 344
699 950
640 795
21 334
301 495
419 691
414 158
759 924
108 450
764 760
623 102
612 672
202 507
575 89
576 765
939 31
123 925
747 994
614 299
828 110
903 531
341 162
209 844
83 951
321 660
789 275
227 914
467 351
649 202
804 664
678 634
729 404
19 354
738 298
839 186
54 719
273 754
356 974
480 864
275 670
959 302
68 501
960 483
798 713
67 12
825 458
60 64
153 718
514 887
876 169
197 715
725 366
720 260
630 222
309 315
215 597
445 981
534 77
905 450
895 729
937 645
845 738
99 985
274 793
127 905
802 677
254 157
306 764
406 859
9 514
468 981
938 819
181 864
494 740
410 157
270 980
994 973
947 660
949 56
212 474
813 411
541 74
627 163
12 106
237 411
878 99
986 912
319 185
984 8
80 196
37 161
3 970
923 413
806 948
939 952
327 677
147 993
93 721
300 498
685 996
694 103
366 516
45 23
270 901
607 987
499 930
8 150
551 140
126 317
697 147
363 995
469 537
519 996
941 475
782 934
630 844
658 53
859 749
588 110
893 984
350 40
142
952 258
105 109
510 550
786 923
657 691
499 35
595 790
311 672
977 692
964 508
481 981
154 677
148 881
216 908
729 553
846 65
116 373
940 974
572 951
293 398
672 502
513 993
97 31
387 934
62 611
588 723
504 742
973 901
293 831
901 817
211 40
475 516
148 525
235 281
427 272
289 239
498 203
59 53
370 830
335 143
450 523
452 132
460 77
447 284
14 778
77 154
726 163
933 587
335 110
911 606
197 523
152 454
766 430
835 523
665 211
871 820
13 403
393 381
555 348
383 175
306 595
492 213
207 41
378 131
158 679
565 580
42 876
849 851
90 955
244 174
970 228
591 748
267 31
915 754
636 724
234 298
713 458
404 60
257 889
977 649
249 726
184 754
485 428
456 532
54 623
444 900
352 904
633 316
559 871
173 46
634 926
178 67
124 413
687 764
560 834
399 260
93 458
901 450
94 530
530 802
610 72
56 677
798 643
278 910
205 905
485 293
973 530
743 985
863 242
133 419
168 945
28 288
66 645
288 710
320 783
248 96
154 615
0 461
853 85
922 214
691 168
126 428
752 403
658 764
297 379
559 943
461 337
217 535
237 645
202 327
971 364
427 335
408 887
580 329
172 485
328 154
587 539
236 648
922 523
766 822
29 123
778 157
43
831 544
811 738
966 142
822 682
537 987
348 208
233 804
98 172
679 305
973 503
659 501
750 23
51 293
638 584
121 837
589 573
259 914
738 605
263 909
19 523
84 896
254 656
227 405
272 235
24 936
840 495
173 950
80 432
911 311
828 94
361 74
683 863
317 427
399 108
993 882
819 471
184 622
57 838
429 867
865 804
688 818
260 193
148 249
150
439 573
35 916
987 719
242 390
23 903
251 272
30 219
670 846
930 513
867 603
908 158
37 164
918 238
801 280
2 94
432 900
26 526
334 22
115 238
372 942
557 382
440 704
404 907
201 963
114 273
817 345
781 318
178 363
399 711
937 846
153 950
533 458
327 405
836 397
793 994
948 257
768 462
124 53
686 185
502 255
223 602
917 661
849 782
954 367
718 23
233 713
502 56
768 3
964 552
389 884
745 893
904 511
548 970
785 351
72 495
986 395
432 59
956 464
729 660
571 135
923 506
429 17
536 381
830 293
501 851
505 430
853 838
818 360
366 38
33 337
781 202
925 499
417 671
478 563
895 329
463 68
316 686
731 819
244 729
928 473
432 612
812 837
312 61
318 145
506 487
86 617
54 532
731 30
189 915
57 852
695 113
938 825
274 763
799 558
906 748
567 358
946 269
70 159
957 651
698 251
912 103
905 270
290 536
329 509
209 677
871 357
830 961
561 170
696 503
291 160
637 811
814 208
121 636
606 505
556 481
389 202
371 309
281 179
972 777
76 789
537 749
1 832
371 497
815 977
438 900
381 440
508 402
432 708
789 491
470 978
981 270
615 993
369 468
118 91
13 703
304 609
844 648
331 215
360 119
574 224
453 941
345 341
815 657
379 400
692 617
28 870
381 856
226 78
131 481
239 129
257
717 943
174 625
54 830
659 143
130 872
712 199
594 283
167 585
128 906
799 987
439 387
554 741
601 806
933 9
77 833
753 826
335 600
247 593
196 354
941 751
619 55
619 37
682 902
913 66
970 279
503 986
489 864
412 5
277 168
926 224
197 161
249 135
968 368
610 363
674 592
950 824
836 150
255 635
802 532
139 551
220 949
532 145
543 790
252 266
87 678
302 550
709 779
545 364
983 674
198 428
681 767
381 761
776 988
45 291
970 943
851 859
882 978
468 570
366 45
696 33
99 685
266 196
341 818
412 193
972 609
233 550
524 759
615 113
527 238
892 301
438 129
257 740
530 571
8 45
877 312
862 250
385 610
265 851
308 407
282 324
699 649
916 454
273 958
739 470
608 553
427 375
643 698
711 613
568 301
645 140
573 615
395 139
112 271
175 2
276 901
546 524
195 422
475 249
582 799
182 858
161 258
504 715
669 84
449 361
49 182
521 678
991 599
786 368
209 799
685 503
535 782
194 473
257 879
376 721
162 368
515 940
909 224
531 854
67 17
611 11
311 569
873 139
232 652
920 563
583 446
795 91
953 323
466 175
834 759
731 824
459 434
877 878
524 983
298 541
533 297
898 306
429 296
68 293
912 157
667 480
989 387
343 474
142 804
543 656
427 923
35 173
424 56
396 887
734 831
859 40
197 607
643 419
704 935
639 574
987 732
50 671
676 373
515 163
116 121
381 940
889 809
395 530
622 1
507 926
678 722
494 414
364 721
780 166
809 639
493 712
765 129
677 821
362 638
84 606
272 558
284 462
453 39
790 494
879 757
105 988
387 613
823 191
461 721
418 675
927 622
200 250
617 427
150 400
418 510
833 408
283 71
586 259
952 984
42 378
699 359
949 588
840 24
477 382
467 686
84 397
989 830
564 907
853 646
103 389
775 354
498 852
127 484
986 412
311 524
371 659
909 369
212 598
137 636
70 74
256 899
990 527
595 405
139 525
75 597
72 894
892 333
962 179
324 534
259 284
899 593
925 973
365 745
291 973
813 327
171 27
446 508
913 906
924 151
247 837
770 206
862 555
381 656
790 796
376 913
161 545
202 124
770 116
94 909
325 264
140 20
519 622
837 342
30 16
325 293
903 545
185 820
828 787
422 92
302 976
335 411
515 227
519 225
55
76 70
777 817
475 484
79 341
873 667
420 462
239 708
633 617
428 849
996 134
693 407
819 831
604 468
283 282
800 63
1 920
905 840
839 856
672 989
635 106
415 133
555 629
540 733
400 879
214 799
367 361
259 973
938 248
98 671
931 984
902 365
246 893
527 677
306 986
299 938
85 520
440 9
64 364
997 399
121 273
3 938
146 364
118 201
708 286
990 905
746 563
314 196
595 410
716 825
468 456
976 453
75 119
824 361
226 125
104 512
192
17 448
10 127
101 650
833 210
278 913
399 454
166 548
184 902
230 41
698 298
711 494
970 896
430 221
693 119
954 540
185 704
152 186
545 667
565 804
736 827
687 843
548 180
242 994
261 292
145 933
167 884
149 238
391 549
556 30
156 748
39 498
227 778
758 595
573 853
938 616
554 408
103 929
572 584
643 228
599 590
219 137
882 135
469 236
985 674
357 148
848 369
82 177
684 920
131 621
810 624
979 741
174 16
802 501
74 452
858 598
475 242
854 536
703 106
301 929
26 942
215 601
149 70
59 381
157 161
503 53
130 339
265 470
58 897
643 203
192 363
315 693
172 593
327 66
902 665
703 116
277 283
898 292
989 619
689 435
76 890
149 940
253 88
489 97
856 283
759 567
198 796
233 221
185 968
531 134
263 841
343 829
25 440
751 394
522 90
451 29
171 281
244 350
102 658
194 774
300 931
121 364
363 915
316 483
84 907
180 956
362 51
477 783
559 682
24 541
416 638
158 298
316 327
96 78
833 821
734 550
891 356
130 38
262 354
158 248
977 729
345 406
881 404
642 259
419 830
585 266
833 17
632 964
270 673
598 793
842 630
958 289
989 747
159 937
133 887
782 445
66 870
346 708
141 811
574 879
895 335
608 560
603 283
397 228
541 518
581 512
183 164
313 41
155 371
479 623
710 996
195 471
40 934
81 501
996 148
344 388
376 819
592 59
321 770
385 605
595 912
244 790
816 195
114 306
874 912
45 752
615 582
357 351
170 421
207 752
13 945
944 110
905 717
562 197
79 260
432 527
598 959
576 509
652 659
416 706
547 277
926 227
919 970
608 301
517 10
26 138
28 610
38 279
765 51
312 134
400 702
790 210
795 412
279
784 730
360 840
910 758
759 771
753 674
910 907
446 509
524 13
404 885
180 973
956 440
80 854
212 936
301 149
272 639
316 671
584 629
330 529
299 270
453 527
555 764
311 596
871 390
227 803
236 686
225 545
333 505
714 579
639 52
870 240
587 673
886 59
477 490
932 172
390 360
480 254
169 343
727 891
42 1000
206 954
216 989
326 150
117 155
627 578
90 920
749 633
494 729
424 149
322 267
430 785
850 46
356 171
466 242
794 376
71 725
606 814
120 703
773 96
444 651
241 138
140 318
334 224
963 311
61 588
479 21
313 522
947 122
465 297
275 940
377 13
504 132
914 863
491 18
896 955
947 13
404 410
296 267
924 829
842 939
865 771
703 774
933 878
148 260
48 615
203 210
996 588
100 291
619 353
214 939
949 475
65 358
876 120
227 436
610 340
253 377
378 366
611 572
860 969
892 540
557 231
38 767
380 993
753 20
312 925
294 311
586 391
624 68
921 862
871 153
644 846
401 399
948 575
916 859
955 734
649 166
250 225
924 953
408 266
715 231
768 738
683 998
505 55
26 551
952 880
708 173
988 31
560 668
220 156
537 537
564 860
113 85
218 884
496 563
228 130
251 769
415 625
764 43
142 639
174 327
211 228
845 647
552 940
892 777
777 165
814 478
396 414
54 116
662 675
272 731
106 121
9 24
124 150
772 413
570 624
15 169
227 753
144 397
820 894
728 32
112 992
936 326
692 751
3 274
519 639
62 551
854 85
365 268
191 396
474 686
846 546
827 791
107 225
448 778
300 463
75 519
470 563
395 502
596 43
54 106
12 937
137 409
81 114
143 869
981 990
385 100
106 565
628 204
445 694
224 458
914 129
418 90
759 599
75 960
103 540
805 836
50 291
432 569
625 885
164 628
934 132
840 576
132 393
230 124
929 423
763 134
987 147
106 469
759 267
148 990
891 714
251 841
696 808
314 79
552 418
974 650
983 228
255 321
595 390
841 488
470 329
603 209
383 344
700 286
650 248
142 254
249 861
609 330
893 775
750 562
532 272
262 973
559 576
815 374
761 873
239 520
966 605
827 5
790 758
892 33
982 970
570 30
357 496
251 265
560 751
752 595
809 271
734 933
571 545
269 365
249 403
93 713
448 640
300 156
29 480
16 208
416 411
977 948
429 267
4 179
400 696
364 505
476 513
226 299
483 53
353 86
350 32
69 807
350 955
229 325
375 917
888 973
423 740
944 171
330 319
980 563
520 109
644 124
505 226
156 751
122
920 584
801 683
10 739
471 227
557 549
459 896
687 928
249 427
139 641
851 520
358 661
734 137
977 537
267 191
73 909
161 575
348 526
816 307
484 376
684 58
620 120
976 612
335 314
346 103
239 679
2 270
771 799
474 684
929 377
701 880
460 625
717 703
848 962
300 127
782 751
199 907
697 917
211 251
795 138
338 748
111 398
868 101
305 787
231 310
624 221
685 326
818 463
898 201
796 672
369 976
829 72
883 775
992 430
177 37
8 206
40 565
441 498
42 668
986 13
833 704
757 649
75 523
94 822
751 64
105 604
524 606
996 323
874 66
221 356
25 261
256 625
85 827
477 229
878 340
690 54
64 934
856 369
408 647
989 11
956 178
83 1000
781 406
707 640
865 301
235 738
458 399
973 583
758 486
522 77
344 942
401 131
616 636
101 861
700 246
857 707
938 113
344 948
298 22
519 448
637 778
855 762
179 117
380 112
791 333
829 624
631 376
297 102
225 570
133 814
93 798
636 541
632 297
82 310
209 256
513 859
793 262
756 990
519 649
813 460
943 182
388 429
352 582
0
