381
372 779
322 776
320 826
234 987
752 857
182 775
392 902
553 454
159 94
152 77
441 78
701 999
403 857
885 646
763 856
502 931
77 69
97 651
360 900
975 501
352 136
508 720
81 798
741 491
575 957
779 772
845 68
752 427
968 257
10 160
526 410
290 62
485 522
173 404
823 206
21 256
129 468
792 391
692 695
254 133
233 389
702 902
450 288
928 705
219 973
882 91
111 479
372 531
105 572
668 777
808 275
731 184
877 905
34 309
780 388
495 47
649 253
781 661
47 286
386 570
222 598
636 940
874 585
459 159
71 508
477 501
0 762
745 786
636 203
976 814
45 804
963 403
895 841
546 770
3 592
210 403
419 389
280 80
534 49
728 110
947 743
83 495
265 564
885 285
51 305
440 456
266 528
304 393
328 234
994 826
312 262
326 331
62 678
615 150
743 132
574 313
817 462
529 269
812 227
245 707
399 348
88 498
13 356
136 684
429 569
767 4
476 486
857 117
443 250
447 106
817 470
504 706
882 128
879 771
665 154
593 25
268 539
132 822
839 768
859 169
818 281
700 237
316 869
34 672
188 688
981 918
270 398
87 903
906 65
278 408
738 168
139 988
740 126
307 249
991 436
744 748
118 239
30 846
493 81
573 937
313 770
896 909
69 320
648 91
463 839
625 808
815 365
803 106
276 817
728 569
990 247
979 404
833 171
937 497
503 463
941 260
742 442
378 976
199 131
140 306
70 611
550 170
853 317
764 488
473 539
764 623
295 580
7 703
141 250
121 33
983 546
552 945
338 789
590 684
853 410
624 544
891 649
509 828
574 835
860 332
805 283
877 281
245 134
631 117
49 919
901 400
350 668
504 398
374 329
799 216
752 979
32 488
971 936
216 948
241 145
693 733
801 414
7 546
469 725
79 344
56 677
269 157
709 273
667 989
307 124
706 62
232 10
86 769
796 425
542 575
989 412
524 73
47 775
321 126
902 139
520 21
293 660
24 91
213 783
430 671
134 913
948 119
583 464
891 840
418 386
485 711
448 286
516 598
15 269
897 47
710 265
905 551
361 406
798 758
732 628
188 496
649 351
691 552
354 504
689 996
706 952
84 866
657 392
503 455
619 777
741 435
205 986
572 812
607 909
856 120
158 159
426 104
295 896
381 398
201 454
386 909
371 678
121 154
792 926
355 271
852 438
358 131
128 484
330 44
916 932
24 703
362 241
447 80
774 992
89 674
614 501
5 386
582 101
176 400
681 914
87 437
222 701
194 14
860 907
992 222
281 681
431 401
341 369
579 518
231 941
175 563
176 160
974 607
918 570
887 893
815 255
551 425
476 516
956 681
482 778
581 273
383 577
817 938
427 765
139 857
869 870
523 558
691 494
218 266
590 350
379 417
67 329
438 612
13 937
57 276
946 34
303 512
877 235
227 601
233 426
713 888
150 223
951 277
72 728
190 146
891 726
794 626
564 621
760 345
556 13
493 429
188 480
937 894
694 137
501 952
857 352
470 575
49 784
907 278
479 234
466 23
441 364
881 206
582 456
354 660
642 998
583 85
774 484
899 233
829 661
804 227
775 631
63 274
303 791
650 73
272 719
848 83
358 128
399 629
468 743
559 380
180 855
41 407
85 312
68 50
545 409
237 115
592 847
29 46
799 3
871 872
990 278
128 618
756 920
859 50
447 826
291 636
76 330
955 122
297 800
888 333
902 129
559 888
456 718
71 465
779 449
0
